5
95
4
33
34
64
74
90
78
39
92
65
94
32
63
80
94
64
14
3
22
32
87
50
3
29
63
71
15
1
22
29
35
33
1
72
0
3
20
62
94
3
40
16
97
3
53
2
30
60
54
24
93
87
30
66
49
29
91
22
13
75
22
26
58
79
93
36
66
4
5
95
31
96
29
1
6
81
60
18
12
48
44
13
86
95
35
48
74
87
94
6
14
34
97
53
52
84
37
67
4
39
70
27
17
89
66
89
96
57
88
10
44
19
30
69
99
18
17
36
54
16
34
19
78
45
11
40
63
60
88
87
63
12
75
16
36
46
15
55
12
81
89
76
18
63
18
45
18
58
98
18
5
27
45
80
42
66
7
46
5
60
26
80
91
46
0
5
92
4
60
60
1
3
30
27
18
44
27
73
91
5
20
27
83
81
82
50
98
7
34
95
92
60
19
11
35
79
45
86
54
15
90
52
44
0
36
40
4
2
50
61
7
92
8
45
96
1
14
64
13
89
12
55
55
26
4
36
35
54
17
71
84
17
56
98
57
49
87
29
88
38
93
0
89
39
97
38
49
47
75
20
92
60
77
71
73
76
32
15
73
78
45
73
59
89
35
91
91
20
3
43
50
12
35
67
26
26
97
5
88
96
23
40
98
13
45
45
36
30
51
99
70
89
37
46
51
44
61
63
14
82
23
63
94
86
61
29
42
97
2
2
94
87
37
32
72
41
35
91
91
99
89
96
8
17
81
92
73
44
84
1
23
75
84
16
97
51
12
31
64
8
73
89
68
25
90
81
85
19
92
8
49
31
99
84
87
71
80
10
31
92
23
18
9
86
42
14
77
0
21
45
80
30
42
43
60
85
53
71
14
10
16
32
96
27
8
53
47
11
15
64
71
29
63
98
34
9
77
1
35
35
99
18
35
41
88
90
3
7
14
9
38
38
3
35
43
14
32
24
82
5
18
18
55
78
31
80
15
35
57
65
55
44
19
0
29
99
13
76
78
60
57
21
66
54
40
74
90
5
48
68
91
65
49
60
84
44
31
1
34
91
85
19
10
97
92
80
41
42
87
36
35
96
19
48
29
16
52
27
84
99
75
58
36
59
4
2
19
46
51
69
91
23
94
37
50
61
98
41
71
92
99
2
56
5
35
17
96
50
19
24
39
72
13
30
1
19
18
77
34
8
27
71
25
89
92
21
33
85
61
5
97
94
97
14
71
33
57
6
78
26
25
76
50
21
2
19
75
72
84
4
7
55
92
28
1
34
35
22
45
75
65
40
40
68
80
32
50
48
94
48
32
86
90
7
49
73
19
6
53
56
2
7
21
26
5
8
10
10
10
24
59
47
27
84
23
74
49
29
63
89
92
10
14
11
93
97
88
73
15
43
40
62
60
94
35
82
87
38
9
18
54
51
28
43
14
47
59
64
45
96
24
4
33
73
27
1
55
58
51
76
22
85
60
21
5
41
59
62
41
55
1
11
15
88
74
62
47
50
47
34
49
88
32
62
21
49
80
4
80
95
30
11
73
45
16
10
18
92
19
30
63
70
7
64
73
5
71
73
69
92
49
60
28
59
98
66
82
9
76
88
0
78
45
64
15
71
13
1
39
64
9
87
93
24
54
56
24
20
2
50
43
6
65
49
76
4
48
80
70
42
19
16
74
65
72
18
96
90
74
86
76
7
28
4
7
37
31
7
87
0
10
9
24
72
4
59
59
40
81
29
13
12
6
94
55
19
24
74
16
7
27
33
13
31
40
34
2
77
42
44
99
93
57
81
29
89
29
36
71
93
53
29
17
70
17
25
99
40
19
30
68
46
30
26
81
35
76
44
69
55
30
25
40
79
94
74
20
18
25
82
60
61
39
58
40
97
71
12
90
0
74
70
3
90
60
93
53
43
70
15
57
28
19
60
62
14
88
97
64
86
28
23
4
2
5
75
93
45
5
80
64
60
33
33
9
92
8
58
33
64
65
77
84
63
46
27
64
71
33
29
58
59
65
68
25
42
14
41
60
93
18
10
52
70
92
47
30
68
23
28
77
84
69
53
76
37
27
16
16
64
52
54
92
55
36
25
12
92
78
74
74
70
67
72
11
48
8
65
67
33
72
65
8
5
86
32
13
34
13
72
48
59
85
37
48
74
30
42
97
17
61
26
86
84
0
71
81
65
55
86
23
36
85
87
20
90
68
20
1
54
28
71
77
95
19
21
29
25
91
11
72
31
31
19
36
6
87
19
30
97
94
78
11
85
22
52
55
27
